1782303916.163142
1782303918.263299
1782303920.2636609
1782303923.1639149
1782303925.164119
1782303927.3643291
1782303929.4642839
1782303931.96456
1782303933.9645791
1782303936.8648
1782303940.5649159
1782303944.0651481
1782303947.86532
1782303951.4653089
1782303955.9655609
1782303957.3652799
1782303958.465379
1782303959.66573
1782303961.4658389
1782303964.565809
1782303967.3657401
1782303968.2657411
1782303969.2660079
1782303970.1657889
1782303972.5657599
1782303975.4659581
1782303977.3659029
1782303979.4660289
1782303981.0661039
1782303982.766083
1782303984.6660681
1782303985.7660351
1782303986.6661119
1782303987.5660779
1782303988.3660691
1782303989.166121
1782303989.6661611
1782303990.466115
1782303991.266125
1782303991.966187
1782303992.6660659
1782303993.3660619
1782303994.0661581
1782303994.566195
1782303995.2661619
1782303995.866163
1782303996.466068
1782303996.9660051
1782303997.566184
1782303998.2662611
1782303998.9659901
1782303999.566364
1782304000.1661119
1782304000.6661079
1782304001.3662241
1782304002.066386
1782304004.3661621
1782304006.466248
1782304008.2659619
1782304009.76595
1782304011.6659701
1782304013.765846
1782304016.265821
1782304019.2656829
1782304021.3658359
1782304022.0654759
1782304022.9656191
1782304023.965611
1782304024.865514
1782304025.8654261
1782304026.76545
1782304027.56549
1782304028.265358
1782304029.0652969
1782304029.9652441
1782304033.165169
1782304036.7651851
1782304040.0650949
1782304043.165045
1782304046.46507
1782304049.0649631
1782304051.8648181
1782304054.564661
1782304056.5646451
1782304058.465302
1782304058.965225
1782304060.4637749
1782304062.9640491
1782304065.3644171
1782304066.964411
1782304068.9642639
1782304071.2644269
1782304072.4644959
1782304073.4642091
1782304074.564362
1782304076.363658
1782304078.5640979
1782304080.4641609
1782304082.0642149
1782304082.864104
1782304083.5641539
1782304084.663877
1782304085.664068
1782304086.7640469
1782304087.764003
1782304088.664031
1782304089.4640889
1782304090.4640529
1782304091.3640449
1782304092.2639279
1782304093.6637149
1782304095.663985
1782304097.0638831
1782304098.5638151
1782304099.963774
1782304101.7637351
1782304104.163563
1782304104.9641731
1782304105.7635019
1782304106.6638651
1782304107.463819
1782304108.163898
1782304108.963752
1782304109.6638081
1782304110.3637011
1782304110.9636469
1782304111.7636471
1782304112.663759
1782304114.9636469
1782304116.9635711
1782304118.5637679
1782304119.8635969
1782304121.3635931
1782304123.363574
1782304125.263483
1782304127.163511
1782304129.4633529
1782304131.8630669
1782304132.863909
1782304134.862699
1782304137.163482
1782304139.363358
1782304140.763412
1782304142.8633251
1782304144.7632151
1782304147.26337
1782304149.5627861
1782304152.663254
1782304155.4631131
1782304158.163197
1782304159.4641931
1782304159.9632239
1782304160.462712
1782304160.9629159
1782304161.4633341
1782304161.963161
1782304162.4632599
1782304162.963124
1782304163.4631231
1782304163.9631829
1782304164.5622251
